"""Harmonisation definitions.

Definitions relating to the output of harmonisation.

In particular, the `harmonisation_parameters` dictionary contains the
relevant parameters for each satellite and channel for which harmonisation
has so far been applied in the form of:

`Dict[str, Dict[int, Dict[int, float]]]`

For example, to get a₀ for noaa18:

`harmonisation_parameters["noaa18"][12][0]`

Corresponding uncertainties are contained in
`harmonisation_parameters_uncertainty`.  Covariance is not yet supported.
Harmonisation parameters are derived using software developed by Ralf Quast.
"""

###############################################
###                                         ###
### AUTOMATICALLY GENERATED — DO NOT EDIT!! ###
###                                         ###
###############################################
###                                         ###
### This file is generated using:           ###
###                                         ###
### /group_workspaces/cems2/fiduceo/Users/gholl/anaconda3/envs/FCDR37a/bin/convert_hirs_harmonisation_parameters --chans 3 11 6 9 4 8 --files /group_workspaces/cems2/fiduceo/Users/rquast/processing/harmonisation/3.0-6ce234f/job_hir03_v2_ODR_202_01/harm_FO_3.0_6ce234f_ODR_202_01_R____HIRS__03_REAL_02_R_W______19870107_20160531.nc /group_workspaces/cems2/fiduceo/Users/rquast/processing/harmonisation/3.0-6ce234f/job_hir04_v2_ODR_202_01/harm_FO_3.0_6ce234f_ODR_202_01_R____HIRS__04_REAL_02_R_W______19870107_20160531.nc /group_workspaces/cems2/fiduceo/Users/rquast/processing/harmonisation/3.0-6ce234f/job_hir06_v2_ODR_202_01/harm_FO_3.0_6ce234f_ODR_202_01_R____HIRS__06_REAL_02_R_W______19870107_20160531.nc /group_workspaces/cems2/fiduceo/Users/rquast/processing/harmonisation/3.0-6ce234f/job_hir08_v2_ODR_202_01/harm_FO_3.0_6ce234f_ODR_202_01_R____HIRS__08_REAL_02_R_W______19861211_20160531.nc /group_workspaces/cems2/fiduceo/Users/rquast/processing/harmonisation/3.0-6ce234f/job_hir09_v2_ODR_202_01/harm_FO_3.0_6ce234f_ODR_202_01_R____HIRS__09_REAL_02_R_W______19861211_20160531.nc /group_workspaces/cems2/fiduceo/Users/rquast/processing/harmonisation/3.0-6ce234f/job_hir11_v2_ODR_202_01/harm_FO_3.0_6ce234f_ODR_202_01_R____HIRS__11_REAL_02_R_W______19861230_20160531.nc
###                                         ###
### see convert_harm_params.py              ###
###                                         ###
###############################################
###                                         ###
### AUTOMATICALLY GENERATED — DO NOT EDIT!! ###
###                                         ###
###############################################

from numpy import (nan, array)

harmonisation_parameters =  {'metopa': {3: {0: -1.316067765204574e-13,
                1: -0.050398229901606764,
                2: -3.1499651716278496e-19},
            4: {0: -5.783619113625914e-15,
                1: 0.01701990868772487,
                2: -2.49435950701598e-20},
            6: {0: -5.210017080973349e-14,
                1: 0.02400303558566129,
                2: -2.826075948742134e-20},
            8: {0: -3.8396860107336775e-15,
                1: 0.023527610098383715,
                2: -1.4184904205821437e-20},
            9: {0: -2.4875587457788703e-14,
                1: 0.027675481389247233,
                2: -6.938244419627128e-21},
            11: {0: -1.9799691248389358e-13,
                 1: -0.07282888234871691,
                 2: -3.877194504278165e-19}},
 'metopb': {3: {0: -2.52583737201183e-14,
                1: 0.03903579581536714,
                2: 2.1351481554677565e-20},
            4: {0: 6.729436468612255e-15,
                1: 0.02759538807017208,
                2: 5.291436950270421e-20},
            6: {0: 2.3026706335623596e-14,
                1: 0.028996418946883654,
                2: 4.785161201998193e-20},
            8: {0: 1.1410578150272651e-14,
                1: 0.055462746883044395,
                2: 1.0812174155449757e-19},
            9: {0: -5.8771075599273035e-15,
                1: 0.017560236714675187,
                2: -3.388521929442552e-21},
            11: {0: 5.556537094924575e-15,
                 1: 0.08693389015510043,
                 2: 1.3657551485502413e-19}},
 'noaa06': {3: {0: 0, 1: 0, 2: 0},
            4: {0: 0, 1: 0, 2: 0},
            6: {0: 0, 1: 0, 2: 0},
            8: {0: 0, 1: 0, 2: 0},
            9: {0: 0, 1: 0, 2: 0},
            11: {0: 0, 1: 0, 2: 0}},
 'noaa07': {3: {0: 0, 1: 0, 2: 0},
            4: {0: 0, 1: 0, 2: 0},
            6: {0: 0, 1: 0, 2: 0},
            8: {0: 0, 1: 0, 2: 0},
            9: {0: 0, 1: 0, 2: 0},
            11: {0: 0, 1: 0, 2: 0}},
 'noaa08': {3: {0: 0, 1: 0, 2: 0},
            4: {0: 0, 1: 0, 2: 0},
            6: {0: 0, 1: 0, 2: 0},
            8: {0: 0, 1: 0, 2: 0},
            9: {0: 0, 1: 0, 2: 0},
            11: {0: 0, 1: 0, 2: 0}},
 'noaa09': {3: {0: 4.3459283597660884e-14,
                1: -0.024982275340578782,
                2: -1.246187909971032e-20},
            4: {0: 1.0427151230511644e-13,
                1: -0.09524479757276413,
                2: 2.742261413509394e-20},
            6: {0: 1.7268487317471313e-13,
                1: -0.13887170242433783,
                2: -8.292635154514082e-20},
            8: {0: 5.838035019919109e-14,
                1: -0.15521566910634776,
                2: 5.1333497832373916e-20},
            9: {0: 1.963490847546142e-13,
                1: -0.15438995336832945,
                2: -2.9649110719443396e-21},
            11: {0: 1.547807602989243e-13,
                 1: -0.13940415897412958,
                 2: -1.332453914247314e-19}},
 'noaa10': {3: {0: 2.2708949415641914e-14,
                1: -0.012062756293052118,
                2: -7.581223661242387e-21},
            4: {0: 1.07766617171715e-13,
                1: -0.10423637723923758,
                2: 2.6626146063835798e-20},
            6: {0: 2.2587882463527184e-13,
                1: -0.12751220355825144,
                2: -3.3982903243960485e-20},
            8: {0: 6.099740996000603e-14,
                1: -0.13583703546608067,
                2: 8.824166540244894e-20},
            9: {0: 2.163678249627918e-13,
                1: -0.14147739622847044,
                2: 1.6305193573125293e-20},
            11: {0: 1.2593743923288944e-13,
                 1: -0.12741869643378936,
                 2: -1.9540400665605415e-19}},
 'noaa11': {3: {0: 3.719315972134022e-14,
                1: 0.0036790939746313856,
                2: 5.507782358513055e-20},
            4: {0: 1.0280199898047299e-13,
                1: -0.08021334619468236,
                2: 3.2833740094332344e-20},
            6: {0: 2.5806430583162233e-13,
                1: -0.10143058638359874,
                2: 5.2180714816719015e-20},
            8: {0: 5.85216766787706e-14,
                1: -0.16901601443990502,
                2: 2.9176343607383714e-20},
            9: {0: 2.15506882597334e-13,
                1: -0.12057671678396173,
                2: 1.8272516328385855e-20},
            11: {0: 2.2279443924055834e-13,
                 1: -0.08158010881520432,
                 2: 5.702723277796615e-20}},
 'noaa12': {3: {0: -5.727728771096114e-15,
                1: 0.010728351406675456,
                2: -7.925703649076927e-20},
            4: {0: 9.511281886615252e-14,
                1: -0.09922946601798918,
                2: 2.370635400839542e-20},
            6: {0: 2.153126242178292e-13,
                1: -0.11226038953693315,
                2: -6.636259877615229e-20},
            8: {0: 4.7324887538685e-14,
                1: -0.1323904612966679,
                2: -2.8188036318050363e-20},
            9: {0: 2.033034734980171e-13,
                1: -0.11852901734563107,
                2: 2.822955760994269e-20},
            11: {0: 1.6255032544944325e-13,
                 1: -0.09453231914931064,
                 2: -1.8010463154582394e-19}},
 'noaa13': {3: {0: 0, 1: 0, 2: 0},
            4: {0: 0, 1: 0, 2: 0},
            6: {0: 0, 1: 0, 2: 0},
            8: {0: 0, 1: 0, 2: 0},
            9: {0: 0, 1: 0, 2: 0},
            11: {0: 0, 1: 0, 2: 0}},
 'noaa14': {3: {0: 1.3919901881745054e-15,
                1: -0.008051118471369446,
                2: -2.0191903559483802e-19},
            4: {0: 8.869406226677308e-14,
                1: -0.07548285659145179,
                2: 3.043579599421047e-20},
            6: {0: 2.7935595630196023e-13,
                1: -0.09466708008383466,
                2: 3.6408725186502643e-20},
            8: {0: 5.2992106146334994e-14,
                1: -0.15136263617190798,
                2: 1.8085620971530836e-20},
            9: {0: 1.8602389990959728e-13,
                1: -0.10733230618047458,
                2: 2.710792616946309e-20},
            11: {0: 2.3086668198269185e-13,
                 1: -0.0447955360950548,
                 2: 1.0809081216906218e-19}},
 'noaa15': {3: {0: 2.7900076625222135e-14,
                1: 0.0377922595777974,
                2: 1.6301423352189508e-19},
            4: {0: 1.5076364218699117e-14,
                1: 0.027286476461806247,
                2: 3.304132583355654e-20},
            6: {0: 3.8818310960042024e-14,
                1: 0.0271633173013518,
                2: 4.0116320469089524e-20},
            8: {0: 7.974591251821055e-15,
                1: 0.06140150682047395,
                2: 4.2266566348569375e-20},
            9: {0: -4.9207337840834705e-15,
                1: 0.014815279654303855,
                2: -5.844659800081318e-22},
            11: {0: 6.161360855711062e-14,
                 1: 0.09911182760881533,
                 2: 1.4290190217249073e-19}},
 'noaa16': {3: {0: -4.898081267955483e-15,
                1: 0.08147160616472628,
                2: 3.0828982625539037e-19},
            4: {0: 1.6071944540007164e-14,
                1: 0.03092300477468711,
                2: 3.042781828037255e-20},
            6: {0: 4.0868327820518517e-14,
                1: 0.031285553743212756,
                2: 6.397748849331787e-20},
            8: {0: 9.759489337364464e-15,
                1: 0.06846094835391797,
                2: 8.852262937100723e-20},
            9: {0: -6.600110001599769e-15,
                1: 0.017966999557089445,
                2: -1.2392762329211496e-21},
            11: {0: -1.991187352819187e-15,
                 1: 0.03346773222270057,
                 2: 1.0455948248119535e-20}},
 'noaa17': {3: {0: -6.758981216201086e-14,
                1: 0.06384745463620653,
                2: -3.585938983322939e-20},
            4: {0: 9.685902014450433e-15,
                1: 0.03695136933914234,
                2: 8.99181043074637e-20},
            6: {0: -8.0550973684239e-15,
                1: 0.03319849694856209,
                2: 5.2831733018798984e-20},
            8: {0: 1.7476472772088328e-15,
                1: 0.07960122253684883,
                2: 7.735713590169707e-20},
            9: {0: -1.3009188199708523e-14,
                1: 0.025553970742372433,
                2: -3.5540038464617795e-21},
            11: {0: -2.5250003449660237e-13,
                 1: -0.05548841901664316,
                 2: -1.558497738165064e-18}},
 'noaa18': {3: {0: -1.5530537123069877e-14,
                1: 0.01935618490525671,
                2: -5.615884615107043e-21},
            4: {0: 4.664667581685753e-15,
                1: -0.008666082581426305,
                2: -1.1389857882738309e-19},
            6: {0: 1.2528015449191876e-14,
                1: 0.002170148552926292,
                2: -1.7609132646176174e-20},
            8: {0: 9.001386783953548e-15,
                1: -0.023138480786007033,
                2: -6.080391764892495e-20},
            9: {0: -1.1252195980111936e-14,
                1: 0.014360114841779043,
                2: -2.09404659176218e-20},
            11: {0: 2.0234222060075295e-14,
                 1: 0.1148176778702738,
                 2: 2.647707066225898e-19}},
 'noaa19': {3: {0: -1.9808073571808812e-14,
                1: -0.02000801718096485,
                2: -9.428338161632416e-20},
            4: {0: 3.0432143055638928e-15,
                1: -0.006007207225873227,
                2: -6.472327113282231e-20},
            6: {0: 2.3077138411927863e-14,
                1: 0.023697189137656397,
                2: 3.050292631426749e-20},
            8: {0: 6.656459761701552e-15,
                1: -0.03804424827617223,
                2: -4.9769304277034854e-20},
            9: {0: -1.0477102188849318e-14,
                1: 0.012834603658521392,
                2: -1.4409358338090722e-20},
            11: {0: -7.70281958446367e-15,
                 1: 0.08953828223980861,
                 2: 1.1537548627712175e-19}},
 'tirosn': {3: {0: 0, 1: 0, 2: 0},
            4: {0: 0, 1: 0, 2: 0},
            6: {0: 0, 1: 0, 2: 0},
            8: {0: 0, 1: 0, 2: 0},
            9: {0: 0, 1: 0, 2: 0},
            11: {0: 0, 1: 0, 2: 0}}}
harmonisation_parameter_uncertainties =  {'metopa': {3: {0: 1.4714578621516171e-16,
                1: 6.643310898433251e-05,
                2: 3.116668219961994e-22},
            4: {0: 2.7609986913847677e-17,
                1: 8.008166292495673e-06,
                2: 7.747035139602046e-23},
            6: {0: 1.072603466147906e-16,
                1: 1.4190956697610333e-05,
                2: 5.968556680864485e-23},
            8: {0: 1.5607028869115687e-17,
                1: 1.8812317603370956e-05,
                2: 5.990315045507208e-23},
            9: {0: 2.566667064978319e-17,
                1: 8.740677494194583e-06,
                2: 7.604386134500732e-24},
            11: {0: 1.4525864210519535e-16,
                 1: 6.832240520864938e-05,
                 2: 2.5067781903096363e-22}},
 'metopb': {3: {0: 1.7639663799383336e-15,
                1: 0.0013199371167706031,
                2: 1.3857249816719775e-20},
            4: {0: 3.603672822928521e-16,
                1: 0.00030089769222849046,
                2: 2.987226965237407e-21},
            6: {0: 1.8426942900353473e-15,
                1: 0.0003305452987497718,
                2: 2.9136943202768104e-21},
            8: {0: 2.2258755726297706e-16,
                1: 0.0007887916496368992,
                2: 2.4770401523856548e-21},
            9: {0: 7.010062890340046e-16,
                1: 0.00026441671987369913,
                2: 4.610525596657279e-22},
            11: {0: 2.792891045910655e-15,
                 1: 0.0016962598732617646,
                 2: 7.330119397219336e-21}},
 'noaa06': {3: {0: 2.0878134599423328e-15,
                1: 0.0014360658700092628,
                2: 1.2507933225654417e-20},
            4: {0: 1.0912712601788052e-15,
                1: 0.0017993504066214168,
                2: 3.0196870876614197e-21},
            6: {0: 3.30792734226865e-15,
                1: 0.001254596953355588,
                2: 3.4040568027995594e-21},
            8: {0: 4.150778091033618e-16,
                1: 0.0028365940031310362,
                2: 6.6088935450454e-21},
            9: {0: 2.0209939728362226e-15,
                1: 0.0014651990103607387,
                2: 1.1206440334687374e-21},
            11: {0: 4.167370061123271e-15,
                 1: 0.002067260401534783,
                 2: 8.45400165291374e-21}},
 'noaa07': {3: {0: 2.0878134599423328e-15,
                1: 0.0014360658700092628,
                2: 1.2507933225654417e-20},
            4: {0: 1.0912712601788052e-15,
                1: 0.0017993504066214168,
                2: 3.0196870876614197e-21},
            6: {0: 3.30792734226865e-15,
                1: 0.001254596953355588,
                2: 3.4040568027995594e-21},
            8: {0: 4.150778091033618e-16,
                1: 0.0028365940031310362,
                2: 6.6088935450454e-21},
            9: {0: 2.0209939728362226e-15,
                1: 0.0014651990103607387,
                2: 1.1206440334687374e-21},
            11: {0: 4.167370061123271e-15,
                 1: 0.002067260401534783,
                 2: 8.45400165291374e-21}},
 'noaa08': {3: {0: 2.0878134599423328e-15,
                1: 0.0014360658700092628,
                2: 1.2507933225654417e-20},
            4: {0: 1.0912712601788052e-15,
                1: 0.0017993504066214168,
                2: 3.0196870876614197e-21},
            6: {0: 3.30792734226865e-15,
                1: 0.001254596953355588,
                2: 3.4040568027995594e-21},
            8: {0: 4.150778091033618e-16,
                1: 0.0028365940031310362,
                2: 6.6088935450454e-21},
            9: {0: 2.0209939728362226e-15,
                1: 0.0014651990103607387,
                2: 1.1206440334687374e-21},
            11: {0: 4.167370061123271e-15,
                 1: 0.002067260401534783,
                 2: 8.45400165291374e-21}},
 'noaa09': {3: {0: 7.093006016078323e-15,
                1: 0.005055119877658183,
                2: 2.801095559928602e-20},
            4: {0: 3.1687279198730483e-15,
                1: 0.0072283244250465175,
                2: 1.0499820344154764e-20},
            6: {0: 1.1854461325106989e-14,
                1: 0.004160912598190276,
                2: 1.281727658506082e-20},
            8: {0: 1.6226163465746784e-15,
                1: 0.0164651759208654,
                2: 4.8752258917099135e-20},
            9: {0: 6.3231319174958655e-15,
                1: 0.0044504399049103424,
                2: 5.050189094251947e-21},
            11: {0: 1.8642604912466256e-14,
                 1: 0.008148911703336106,
                 2: 3.2559773465355295e-20}},
 'noaa10': {3: {0: 5.113411585516769e-15,
                1: 0.0032900474879874885,
                2: 3.934584315720789e-20},
            4: {0: 2.3522053593300382e-15,
                1: 0.004419641013494808,
                2: 5.287720745296117e-21},
            6: {0: 6.52181911241978e-15,
                1: 0.002677929659728528,
                2: 7.066986885768494e-21},
            8: {0: 7.878669346426977e-16,
                1: 0.006064670005429883,
                2: 1.0814675350641627e-20},
            9: {0: 4.6377913061464876e-15,
                1: 0.0035237868563519755,
                2: 2.6911642908703656e-21},
            11: {0: 6.801608250495371e-15,
                 1: 0.003245346621584621,
                 2: 1.1241724892702072e-20}},
 'noaa11': {3: {0: 2.3543489665163846e-15,
                1: 0.0015151133260974505,
                2: 4.050226506721924e-21},
            4: {0: 1.901496016265316e-15,
                1: 0.0025706059326173,
                2: 1.2902769300633479e-21},
            6: {0: 3.915906052372254e-15,
                1: 0.002170666146061046,
                2: 1.882933071270765e-21},
            8: {0: 5.931248727021379e-16,
                1: 0.0022799979242201303,
                2: 1.6379335127449691e-21},
            9: {0: 3.6553121291249594e-15,
                1: 0.002883710387907655,
                2: 9.20219055460725e-22},
            11: {0: 4.9931921564128694e-15,
                 1: 0.0028081186428238706,
                 2: 3.6609796628171136e-21}},
 'noaa12': {3: {0: 2.3633744899435045e-15,
                1: 0.0014937246933924917,
                2: 9.163211675488157e-21},
            4: {0: 1.901587720630939e-15,
                1: 0.0024776323685219716,
                2: 1.8598525969662347e-21},
            6: {0: 3.961525580411706e-15,
                1: 0.00209955096082242,
                2: 5.150467468257954e-21},
            8: {0: 5.805090970913768e-16,
                1: 0.0021988855560145654,
                2: 5.598392680673758e-21},
            9: {0: 3.4219025700368278e-15,
                1: 0.0027870493795557564,
                2: 1.282149051495542e-21},
            11: {0: 5.268392844120025e-15,
                 1: 0.0028579530919994136,
                 2: 2.476756167082334e-20}},
 'noaa13': {3: {0: 2.0878134599423328e-15,
                1: 0.0014360658700092628,
                2: 1.2507933225654417e-20},
            4: {0: 1.0912712601788052e-15,
                1: 0.0017993504066214168,
                2: 3.0196870876614197e-21},
            6: {0: 3.30792734226865e-15,
                1: 0.001254596953355588,
                2: 3.4040568027995594e-21},
            8: {0: 4.150778091033618e-16,
                1: 0.0028365940031310362,
                2: 6.6088935450454e-21},
            9: {0: 2.0209939728362226e-15,
                1: 0.0014651990103607387,
                2: 1.1206440334687374e-21},
            11: {0: 4.167370061123271e-15,
                 1: 0.002067260401534783,
                 2: 8.45400165291374e-21}},
 'noaa14': {3: {0: 2.434099071394261e-15,
                1: 0.0015111895111985724,
                2: 8.3993473038906e-21},
            4: {0: 2.2563526518058083e-15,
                1: 0.0029129100049426746,
                2: 4.67382752544777e-21},
            6: {0: 5.533905993086288e-15,
                1: 0.002061015125251306,
                2: 2.2049979478469426e-21},
            8: {0: 5.357260581119269e-16,
                1: 0.0020649835681003075,
                2: 7.761133711564393e-22},
            9: {0: 3.1614820252548367e-15,
                1: 0.0026747847767168652,
                2: 8.887429565820001e-22},
            11: {0: 5.2138962558984625e-15,
                 1: 0.0028040125571478234,
                 2: 3.7192617000809e-21}},
 'noaa15': {3: {0: 9.526951904462649e-16,
                1: 0.0006415752493897338,
                2: 4.779126261338179e-21},
            4: {0: 2.4068642675395257e-16,
                1: 0.0002765984112577442,
                2: 7.557642791288561e-22},
            6: {0: 1.1427999632809176e-15,
                1: 0.00025110006581277773,
                2: 9.609098529320556e-22},
            8: {0: 1.1652184950224845e-16,
                1: 0.0006649787631851891,
                2: 7.369445632652158e-22},
            9: {0: 4.270174837269333e-16,
                1: 0.0001703419115573634,
                2: 1.4802209900245742e-22},
            11: {0: 1.7985856652462748e-15,
                 1: 0.0007911790986417583,
                 2: 2.271836775696614e-21}},
 'noaa16': {3: {0: 6.279874567712846e-16,
                1: 0.0004394403350537765,
                2: 3.9361765174839946e-21},
            4: {0: 1.958822593498773e-16,
                1: 0.00018656400105916609,
                2: 5.1439023948156515e-22},
            6: {0: 8.861678808934717e-16,
                1: 0.00018833335579006446,
                2: 9.51421749554104e-22},
            8: {0: 1.1280579028972275e-16,
                1: 0.0004632176245189418,
                2: 9.626185872383597e-22},
            9: {0: 3.469411215016212e-16,
                1: 0.0001291161329393824,
                2: 9.623569499882258e-23},
            11: {0: 8.053257740897739e-16,
                 1: 0.0004641475162401651,
                 2: 2.318883262912017e-21}},
 'noaa17': {3: {0: 7.727276095331541e-16,
                1: 0.0007128614461955299,
                2: 3.3090720963705577e-20},
            4: {0: 1.306694685280737e-16,
                1: 0.0001527261559640011,
                2: 1.1012312758481852e-21},
            6: {0: 6.432562042834113e-16,
                1: 0.00012196669050263797,
                2: 1.8146349631638267e-21},
            8: {0: 6.251632483883902e-17,
                1: 0.0003409025249856784,
                2: 7.419451605717001e-22},
            9: {0: 2.5770617496337654e-16,
                1: 9.798077135418427e-05,
                2: 1.895013131842286e-22},
            11: {0: 9.611841305703711e-16,
                 1: 0.0005181854767318444,
                 2: 6.986984326410422e-21}},
 'noaa18': {3: {0: 7.326006408490132e-16,
                1: 0.0006024880669450032,
                2: 2.990249879749705e-21},
            4: {0: 2.7231559590905255e-16,
                1: 0.0005178971821373098,
                2: 4.217779277862088e-21},
            6: {0: 1.690720627206933e-15,
                1: 0.0004948478006398572,
                2: 3.0429066503071185e-21},
            8: {0: 1.660932326477525e-16,
                1: 0.0013270118669914967,
                2: 4.6799837176228985e-21},
            9: {0: 6.449395000348083e-16,
                1: 0.00029553956652405964,
                2: 1.001453799590666e-21},
            11: {0: 1.5723592564621307e-15,
                 1: 0.0008288220179334186,
                 2: 4.315863889559898e-21}},
 'noaa19': {3: {0: 6.983983261055379e-16,
                1: 0.0005848602204379897,
                2: 2.1604242042650006e-21},
            4: {0: 2.873544344928581e-16,
                1: 0.0005403995258945219,
                2: 2.970884521054687e-21},
            6: {0: 1.5946107315119158e-15,
                1: 0.0004841047820207631,
                2: 1.9827665723471642e-21},
            8: {0: 1.6495861670686906e-16,
                1: 0.0013617003160205678,
                2: 2.0689133766899707e-21},
            9: {0: 6.490304860651696e-16,
                1: 0.00029648103914338463,
                2: 7.113941003878688e-22},
            11: {0: 1.0131417997018668e-15,
                 1: 0.0005758658135079569,
                 2: 2.024352972356891e-21}},
 'tirosn': {3: {0: 2.0878134599423328e-15,
                1: 0.0014360658700092628,
                2: 1.2507933225654417e-20},
            4: {0: 1.0912712601788052e-15,
                1: 0.0017993504066214168,
                2: 3.0196870876614197e-21},
            6: {0: 3.30792734226865e-15,
                1: 0.001254596953355588,
                2: 3.4040568027995594e-21},
            8: {0: 4.150778091033618e-16,
                1: 0.0028365940031310362,
                2: 6.6088935450454e-21},
            9: {0: 2.0209939728362226e-15,
                1: 0.0014651990103607387,
                2: 1.1206440334687374e-21},
            11: {0: 4.167370061123271e-15,
                 1: 0.002067260401534783,
                 2: 8.45400165291374e-21}}}
harmonisation_parameter_covariances =  {'metopa': {3: array([[2.16518824e-32, 8.20284907e-21, 4.46721681e-38],
       [8.20284907e-21, 4.41335797e-09, 1.94643936e-26],
       [4.46721681e-38, 1.94643936e-26, 9.71362079e-44]]),
            4: array([[ 7.62311377e-34, -1.79509056e-22,  2.03465782e-39],
       [-1.79509056e-22,  6.41307274e-11, -3.76226900e-28],
       [ 2.03465782e-39, -3.76226900e-28,  6.00165535e-45]]),
            6: array([[ 1.15047820e-32, -1.13994758e-21,  6.20147693e-39],
       [-1.13994758e-21,  2.01383252e-10, -4.77920842e-28],
       [ 6.20147693e-39, -4.77920842e-28,  3.56236689e-45]]),
            8: array([[2.43579350e-34, 9.00992818e-23, 8.52777873e-40],
       [9.00992818e-23, 3.53903294e-10, 7.43970655e-28],
       [8.52777873e-40, 7.43970655e-28, 3.58838743e-45]]),
            9: array([[ 6.58777982e-34, -2.21155041e-22,  1.79609222e-40],
       [-2.21155041e-22,  7.63994431e-11, -5.85397546e-29],
       [ 1.79609222e-40, -5.85397546e-29,  5.78266885e-47]]),
            11: array([[2.11000731e-32, 6.22857625e-21, 3.38476920e-38],
       [6.22857625e-21, 4.66795105e-09, 1.49031725e-26],
       [3.38476920e-38, 1.49031725e-26, 6.28393690e-44]])},
 'metopb': {3: array([[3.11157739e-30, 2.04688728e-18, 2.36137018e-35],
       [2.04688728e-18, 1.74223399e-06, 1.77706441e-23],
       [2.36137018e-35, 1.77706441e-23, 1.92023372e-40]]),
            4: array([[1.29864578e-31, 1.32422713e-20, 8.98565607e-37],
       [1.32422713e-20, 9.05394212e-08, 5.61055974e-25],
       [8.98565607e-37, 5.61055974e-25, 8.92352494e-42]]),
            6: array([[ 3.39552225e-30, -4.51761090e-20,  5.07170451e-36],
       [-4.51761090e-20,  1.09260195e-07,  2.41061964e-25],
       [ 5.07170451e-36,  2.41061964e-25,  8.48961459e-42]]),
            8: array([[4.95452206e-32, 7.42410128e-20, 4.47824754e-37],
       [7.42410128e-20, 6.22192267e-07, 1.67954301e-24],
       [4.47824754e-37, 1.67954301e-24, 6.13572792e-42]]),
            9: array([[ 4.91409817e-31, -1.55471264e-19,  2.74347736e-37],
       [-1.55471264e-19,  6.99162017e-08, -6.13423796e-26],
       [ 2.74347736e-37, -6.13423796e-26,  2.12569463e-43]]),
            11: array([[7.80024039e-30, 4.18534710e-18, 1.98853585e-35],
       [4.18534710e-18, 2.87729756e-06, 1.20496917e-23],
       [1.98853585e-35, 1.20496917e-23, 5.37306504e-41]])},
 'noaa06': {3: array([[0., 0., 0.],
       [0., 0., 0.],
       [0., 0., 0.]]),
            4: array([[0., 0., 0.],
       [0., 0., 0.],
       [0., 0., 0.]]),
            6: array([[0., 0., 0.],
       [0., 0., 0.],
       [0., 0., 0.]]),
            8: array([[0., 0., 0.],
       [0., 0., 0.],
       [0., 0., 0.]]),
            9: array([[0., 0., 0.],
       [0., 0., 0.],
       [0., 0., 0.]]),
            11: array([[0., 0., 0.],
       [0., 0., 0.],
       [0., 0., 0.]])},
 'noaa07': {3: array([[0., 0., 0.],
       [0., 0., 0.],
       [0., 0., 0.]]),
            4: array([[0., 0., 0.],
       [0., 0., 0.],
       [0., 0., 0.]]),
            6: array([[0., 0., 0.],
       [0., 0., 0.],
       [0., 0., 0.]]),
            8: array([[0., 0., 0.],
       [0., 0., 0.],
       [0., 0., 0.]]),
            9: array([[0., 0., 0.],
       [0., 0., 0.],
       [0., 0., 0.]]),
            11: array([[0., 0., 0.],
       [0., 0., 0.],
       [0., 0., 0.]])},
 'noaa08': {3: array([[0., 0., 0.],
       [0., 0., 0.],
       [0., 0., 0.]]),
            4: array([[0., 0., 0.],
       [0., 0., 0.],
       [0., 0., 0.]]),
            6: array([[0., 0., 0.],
       [0., 0., 0.],
       [0., 0., 0.]]),
            8: array([[0., 0., 0.],
       [0., 0., 0.],
       [0., 0., 0.]]),
            9: array([[0., 0., 0.],
       [0., 0., 0.],
       [0., 0., 0.]]),
            11: array([[0., 0., 0.],
       [0., 0., 0.],
       [0., 0., 0.]])},
 'noaa09': {3: array([[5.03107343e-29, 1.74474023e-17, 1.68333396e-34],
       [1.74474023e-17, 2.55542370e-05, 1.23677533e-22],
       [1.68333396e-34, 1.23677533e-22, 7.84613634e-40]]),
            4: array([[1.00408366e-29, 9.23396448e-18, 2.41001916e-35],
       [9.23396448e-18, 5.22486740e-05, 6.96755955e-23],
       [2.41001916e-35, 6.96755955e-23, 1.10246227e-40]]),
            6: array([[1.40528253e-28, 1.97443221e-17, 1.38148753e-34],
       [1.97443221e-17, 1.73131936e-05, 3.95946953e-23],
       [1.38148753e-34, 3.95946953e-23, 1.64282579e-40]]),
            8: array([[2.63288381e-30, 1.84347914e-17, 6.51552135e-35],
       [1.84347914e-17, 2.71102018e-04, 7.83983819e-22],
       [6.51552135e-35, 7.83983819e-22, 2.37678275e-39]]),
            9: array([[ 3.99819972e-29, -2.65858069e-19,  2.41400427e-35],
       [-2.65858069e-19,  1.98064153e-05,  1.40810843e-23],
       [ 2.41400427e-35,  1.40810843e-23,  2.55044099e-41]]),
            11: array([[3.47546718e-28, 1.07199943e-16, 5.73136846e-34],
       [1.07199943e-16, 6.64047619e-05, 2.38548719e-22],
       [5.73136846e-34, 2.38548719e-22, 1.06013885e-39]])},
 'noaa10': {3: array([[2.61469780e-29, 1.25887616e-18, 1.48441907e-34],
       [1.25887616e-18, 1.08244125e-05, 9.36304096e-23],
       [1.48441907e-34, 9.36304096e-23, 1.54809537e-39]]),
            4: array([[ 5.53287005e-30, -1.90656566e-19,  6.74043978e-36],
       [-1.90656566e-19,  1.95332267e-05,  1.91971011e-23],
       [ 6.74043978e-36,  1.91971011e-23,  2.79599907e-41]]),
            6: array([[ 4.25341245e-29, -3.27033848e-18,  3.53243048e-35],
       [-3.27033848e-18,  7.17130726e-06,  9.11056123e-24],
       [ 3.53243048e-35,  9.11056123e-24,  4.99423036e-41]]),
            8: array([[6.20734307e-31, 8.97605909e-19, 4.73188681e-36],
       [8.97605909e-19, 3.67802223e-05, 5.99535867e-23],
       [4.73188681e-36, 5.99535867e-23, 1.16957203e-40]]),
            9: array([[ 2.15091082e-29, -5.21172487e-18,  7.78724682e-36],
       [-5.21172487e-18,  1.24170738e-05,  4.87752023e-24],
       [ 7.78724682e-36,  4.87752023e-24,  7.24236524e-42]]),
            11: array([[ 4.62618748e-29, -8.08513106e-18,  5.10164553e-35],
       [-8.08513106e-18,  1.05322747e-05,  1.62614566e-23],
       [ 5.10164553e-35,  1.62614566e-23,  1.26376379e-40]])},
 'noaa11': {3: array([[ 5.54295906e-30, -3.35886375e-18,  1.19775973e-36],
       [-3.35886375e-18,  2.29556839e-06,  9.61985658e-25],
       [ 1.19775973e-36,  9.61985658e-25,  1.64043348e-41]]),
            4: array([[ 3.61568710e-30, -4.16881766e-18,  3.21473018e-37],
       [-4.16881766e-18,  6.60801486e-06,  1.18485489e-24],
       [ 3.21473018e-37,  1.18485489e-24,  1.66481456e-42]]),
            6: array([[ 1.53343202e-29, -7.90315206e-18,  1.43814125e-36],
       [-7.90315206e-18,  4.71179152e-06,  6.11395484e-25],
       [ 1.43814125e-36,  6.11395484e-25,  3.54543695e-42]]),
            8: array([[ 3.51797115e-31, -1.23250877e-18,  3.45000280e-38],
       [-1.23250877e-18,  5.19839053e-06,  9.74766196e-25],
       [ 3.45000280e-38,  9.74766196e-25,  2.68282619e-42]]),
            9: array([[ 1.33613068e-29, -7.83032884e-18,  1.36850794e-36],
       [-7.83032884e-18,  8.31578560e-06,  6.81542442e-25],
       [ 1.36850794e-36,  6.81542442e-25,  8.46803110e-43]]),
            11: array([[ 2.49319679e-29, -1.17185701e-17,  5.87756055e-36],
       [-1.17185701e-17,  7.88553031e-06,  2.50598211e-24],
       [ 5.87756055e-36,  2.50598211e-24,  1.34027721e-41]])},
 'noaa12': {3: array([[ 5.58553898e-30, -3.33362294e-18,  3.09710346e-36],
       [-3.33362294e-18,  2.23121346e-06,  1.83882148e-24],
       [ 3.09710346e-36,  1.83882148e-24,  8.39644482e-41]]),
            4: array([[ 3.61603586e-30, -3.72687807e-18,  8.55081406e-37],
       [-3.72687807e-18,  6.13866215e-06,  1.66972124e-24],
       [ 8.55081406e-37,  1.66972124e-24,  3.45905168e-42]]),
            6: array([[ 1.56936849e-29, -7.54851280e-18,  6.54495281e-36],
       [-7.54851280e-18,  4.40811424e-06,  8.87943485e-25],
       [ 6.54495281e-36,  8.87943485e-25,  2.65273151e-41]]),
            8: array([[ 3.36990812e-31, -1.20168216e-18,  1.73265259e-37],
       [-1.20168216e-18,  4.83509769e-06,  1.56815129e-24],
       [ 1.73265259e-37,  1.56815129e-24,  3.13420006e-41]]),
            9: array([[ 1.17094172e-29, -7.70993751e-18,  1.38180536e-36],
       [-7.70993751e-18,  7.76764424e-06,  8.65376498e-25],
       [ 1.38180536e-36,  8.65376498e-25,  1.64390619e-42]]),
            11: array([[ 2.77559632e-29, -8.97986191e-18,  6.52972191e-35],
       [-8.97986191e-18,  8.16789588e-06,  2.77949509e-23],
       [ 6.52972191e-35,  2.77949509e-23,  6.13432111e-40]])},
 'noaa13': {3: array([[0., 0., 0.],
       [0., 0., 0.],
       [0., 0., 0.]]),
            4: array([[0., 0., 0.],
       [0., 0., 0.],
       [0., 0., 0.]]),
            6: array([[0., 0., 0.],
       [0., 0., 0.],
       [0., 0., 0.]]),
            8: array([[0., 0., 0.],
       [0., 0., 0.],
       [0., 0., 0.]]),
            9: array([[0., 0., 0.],
       [0., 0., 0.],
       [0., 0., 0.]]),
            11: array([[0., 0., 0.],
       [0., 0., 0.],
       [0., 0., 0.]])},
 'noaa14': {3: array([[ 5.92483829e-30, -2.72310251e-18,  7.82279221e-36],
       [-2.72310251e-18,  2.28369374e-06,  4.03458625e-24],
       [ 7.82279221e-36,  4.03458625e-24,  7.05490351e-41]]),
            4: array([[ 5.09112729e-30, -9.11531073e-19,  6.83581796e-36],
       [-9.11531073e-19,  8.48504470e-06,  8.90560057e-24],
       [ 6.83581796e-36,  8.90560057e-24,  2.18446637e-41]]),
            6: array([[ 3.06241155e-29, -4.38471484e-18,  9.46182466e-36],
       [-4.38471484e-18,  4.24778335e-06,  1.27577194e-24],
       [ 9.46182466e-36,  1.27577194e-24,  4.86201595e-42]]),
            8: array([[ 2.87002409e-31, -9.82858961e-19,  3.18671565e-38],
       [-9.82858961e-19,  4.26415714e-06,  4.97240203e-25],
       [ 3.18671565e-38,  4.97240203e-25,  6.02351965e-43]]),
            9: array([[ 9.99496860e-30, -7.39495823e-18,  5.16122584e-37],
       [-7.39495823e-18,  7.15447360e-06,  5.79228202e-25],
       [ 5.16122584e-37,  5.79228202e-25,  7.89864043e-43]]),
            11: array([[ 2.71847142e-29, -9.50038532e-18,  9.36294628e-36],
       [-9.50038532e-18,  7.86248642e-06,  3.64158210e-24],
       [ 9.36294628e-36,  3.64158210e-24,  1.38329076e-41]])},
 'noaa15': {3: array([[9.07628126e-31, 4.66629795e-19, 4.29193071e-36],
       [4.66629795e-19, 4.11618801e-07, 2.86185237e-24],
       [4.29193071e-36, 2.86185237e-24, 2.28400478e-41]]),
            4: array([[5.79299560e-32, 2.32412976e-20, 1.52492409e-37],
       [2.32412976e-20, 7.65066811e-08, 1.65401425e-25],
       [1.52492409e-37, 1.65401425e-25, 5.71179646e-43]]),
            6: array([[1.30599176e-30, 5.73471068e-20, 1.03258052e-36],
       [5.73471068e-20, 6.30512431e-08, 1.24757842e-25],
       [1.03258052e-36, 1.24757842e-25, 9.23347745e-43]]),
            8: array([[1.35773414e-32, 3.75914998e-20, 6.65040077e-38],
       [3.75914998e-20, 4.42196755e-07, 4.51446655e-25],
       [6.65040077e-38, 4.51446655e-25, 5.43087289e-43]]),
            9: array([[ 1.82343931e-31, -5.01085191e-20,  5.21298845e-38],
       [-5.01085191e-20,  2.90163668e-08, -5.71605632e-27],
       [ 5.21298845e-38, -5.71605632e-27,  2.19105418e-44]]),
            11: array([[3.23491040e-30, 1.16123598e-18, 3.95720122e-36],
       [1.16123598e-18, 6.25964366e-07, 1.67839079e-24],
       [3.95720122e-36, 1.67839079e-24, 5.16124234e-42]])},
 'noaa16': {3: array([[3.94368246e-31, 1.54095747e-19, 2.19134014e-36],
       [1.54095747e-19, 1.93107808e-07, 1.51425434e-24],
       [2.19134014e-36, 1.51425434e-24, 1.54934856e-41]]),
            4: array([[3.83698595e-32, 8.59348971e-21, 8.43052061e-38],
       [8.59348971e-21, 3.48061265e-08, 6.81953663e-26],
       [8.43052061e-38, 6.81953663e-26, 2.64597318e-43]]),
            6: array([[ 7.85293513e-31, -7.00980518e-21,  7.81773581e-37],
       [-7.00980518e-21,  3.54694529e-08,  5.89109702e-26],
       [ 7.81773581e-37,  5.89109702e-26,  9.05203346e-43]]),
            8: array([[1.27251463e-32, 2.16067913e-20, 8.56175123e-38],
       [2.16067913e-20, 2.14570568e-07, 3.90343455e-25],
       [8.56175123e-38, 3.90343455e-25, 9.26634544e-43]]),
            9: array([[ 1.20368142e-31, -3.58687153e-20,  2.82698779e-38],
       [-3.58687153e-20,  1.66709758e-08, -5.44339687e-27],
       [ 2.82698779e-38, -5.44339687e-27,  9.26130899e-45]]),
            11: array([[6.48549602e-31, 1.63010758e-19, 1.61100471e-36],
       [1.63010758e-19, 2.15432917e-07, 8.92835407e-25],
       [1.61100471e-36, 8.92835407e-25, 5.37721959e-42]])},
 'noaa17': {3: array([[5.97107959e-31, 4.62088241e-19, 2.43378330e-35],
       [4.62088241e-19, 5.08171441e-07, 2.27469007e-23],
       [2.43378330e-35, 2.27469007e-23, 1.09499581e-39]]),
            4: array([[1.70745100e-32, 6.89018084e-21, 1.18868565e-37],
       [6.89018084e-21, 2.33252787e-08, 1.34307084e-25],
       [1.18868565e-37, 1.34307084e-25, 1.21271032e-42]]),
            6: array([[4.13778544e-31, 8.14743348e-21, 1.10548220e-36],
       [8.14743348e-21, 1.48758736e-08, 9.13126139e-26],
       [1.10548220e-36, 9.13126139e-26, 3.29290005e-42]]),
            8: array([[3.90829087e-33, 1.12274041e-20, 3.69776620e-38],
       [1.12274041e-20, 1.16214532e-07, 2.33888805e-25],
       [3.69776620e-38, 2.33888805e-25, 5.50482621e-43]]),
            9: array([[ 6.64124726e-32, -2.03237575e-20,  4.10607788e-38],
       [-2.03237575e-20,  9.60023156e-09, -8.27765086e-27],
       [ 4.10607788e-38, -8.27765086e-27,  3.59107477e-44]]),
            11: array([[9.23874933e-31, 3.77477576e-19, 6.37188639e-36],
       [3.77477576e-19, 2.68516188e-07, 3.34725381e-24],
       [6.37188639e-36, 3.34725381e-24, 4.88179500e-41]])},
 'noaa18': {3: array([[5.36703699e-31, 3.42590010e-19, 2.04133903e-36],
       [3.42590010e-19, 3.62991871e-07, 1.71194154e-24],
       [2.04133903e-36, 1.71194154e-24, 8.94159434e-42]]),
            4: array([[7.41557838e-32, 7.94830755e-20, 9.53525795e-37],
       [7.94830755e-20, 2.68217491e-07, 2.01427548e-24],
