"""Harmonisation definitions.

Definitions relating to the output of harmonisation.

In particular, the `harmonisation_parameters` dictionary contains the
relevant parameters for each satellite and channel for which harmonisation
has so far been applied in the form of:

`Dict[str, Dict[int, Dict[int, float]]]`

For example, to get a₀ for noaa18:

`harmonisation_parameters["noaa18"][12][0]`

Corresponding uncertainties are contained in
`harmonisation_parameters_uncertainty`.  Covariance is not yet supported.
Harmonisation parameters are derived using software developed by Ralf Quast.
"""

###############################################
###                                         ###
### AUTOMATICALLY GENERATED — DO NOT EDIT!! ###
###                                         ###
###############################################
###                                         ###
### This file is generated using the script ###
###                                         ###
### convert_hirs_harmonisation_parameters   ###
###                                         ###
### see convert_harm_params.py              ###
###                                         ###
###############################################
###                                         ###
### AUTOMATICALLY GENERATED — DO NOT EDIT!! ###
###                                         ###
###############################################

from numpy import (nan, array)

harmonisation_parameters =  {'metopa': {3: {0: -1.316067765204574e-28,
                1: -5.039822990160676e-23,
                2: -3.1499651716278495e-22},
            4: {0: -5.783619113625914e-30,
                1: 1.701990868772487e-23,
                2: -2.49435950701598e-23},
            6: {0: -5.210017080973349e-29,
                1: 2.4003035585661287e-23,
                2: -2.826075948742134e-23},
            8: {0: -3.839686010733678e-30,
                1: 2.3527610098383714e-23,
                2: -1.4184904205821436e-23},
            9: {0: -2.4875587457788705e-29,
                1: 2.767548138924723e-23,
                2: -6.938244419627128e-24},
            11: {0: -1.979969124838936e-28,
                 1: -7.28288823487169e-23,
                 2: -3.8771945042781654e-22}},
 'metopb': {3: {0: -2.5258373720118306e-29,
                1: 3.9035795815367136e-23,
                2: 2.1351481554677566e-23},
            4: {0: 6.729436468612255e-30,
                1: 2.7595388070172075e-23,
                2: 5.291436950270421e-23},
            6: {0: 2.3026706335623598e-29,
                1: 2.899641894688365e-23,
                2: 4.785161201998193e-23},
            8: {0: 1.1410578150272652e-29,
                1: 5.546274688304439e-23,
                2: 1.0812174155449758e-22},
            9: {0: -5.877107559927304e-30,
                1: 1.7560236714675184e-23,
                2: -3.3885219294425525e-24},
            11: {0: 5.556537094924576e-30,
                 1: 8.693389015510043e-23,
                 2: 1.3657551485502415e-22}},
 'noaa06': {3: {0: 0, 1: 0, 2: 0},
            4: {0: 0, 1: 0, 2: 0},
            6: {0: 0, 1: 0, 2: 0},
            8: {0: 0, 1: 0, 2: 0},
            9: {0: 0, 1: 0, 2: 0},
            11: {0: 0, 1: 0, 2: 0}},
 'noaa07': {3: {0: 0, 1: 0, 2: 0},
            4: {0: 0, 1: 0, 2: 0},
            6: {0: 0, 1: 0, 2: 0},
            8: {0: 0, 1: 0, 2: 0},
            9: {0: 0, 1: 0, 2: 0},
            11: {0: 0, 1: 0, 2: 0}},
 'noaa08': {3: {0: 0, 1: 0, 2: 0},
            4: {0: 0, 1: 0, 2: 0},
            6: {0: 0, 1: 0, 2: 0},
            8: {0: 0, 1: 0, 2: 0},
            9: {0: 0, 1: 0, 2: 0},
            11: {0: 0, 1: 0, 2: 0}},
 'noaa09': {3: {0: 4.345928359766089e-29,
                1: -2.498227534057878e-23,
                2: -1.246187909971032e-23},
            4: {0: 1.0427151230511645e-28,
                1: -9.524479757276413e-23,
                2: 2.742261413509394e-23},
            6: {0: 1.7268487317471313e-28,
                1: -1.3887170242433783e-22,
                2: -8.292635154514082e-23},
            8: {0: 5.838035019919109e-29,
                1: -1.5521566910634776e-22,
                2: 5.1333497832373916e-23},
            9: {0: 1.9634908475461422e-28,
                1: -1.5438995336832943e-22,
                2: -2.9649110719443396e-24},
            11: {0: 1.547807602989243e-28,
                 1: -1.3940415897412956e-22,
                 2: -1.3324539142473138e-22}},
 'noaa10': {3: {0: 2.2708949415641916e-29,
                1: -1.2062756293052117e-23,
                2: -7.581223661242387e-24},
            4: {0: 1.0776661717171502e-28,
                1: -1.0423637723923757e-22,
                2: 2.6626146063835797e-23},
            6: {0: 2.2587882463527183e-28,
                1: -1.2751220355825142e-22,
                2: -3.3982903243960486e-23},
            8: {0: 6.099740996000603e-29,
                1: -1.3583703546608066e-22,
                2: 8.824166540244894e-23},
            9: {0: 2.163678249627918e-28,
                1: -1.4147739622847042e-22,
                2: 1.6305193573125294e-23},
            11: {0: 1.2593743923288945e-28,
                 1: -1.2741869643378936e-22,
                 2: -1.9540400665605415e-22}},
 'noaa11': {3: {0: 3.719315972134022e-29,
                1: 3.6790939746313855e-24,
                2: 5.507782358513055e-23},
            4: {0: 1.02801998980473e-28,
                1: -8.021334619468235e-23,
                2: 3.2833740094332346e-23},
            6: {0: 2.5806430583162233e-28,
                1: -1.0143058638359873e-22,
                2: 5.2180714816719015e-23},
            8: {0: 5.85216766787706e-29,
                1: -1.6901601443990502e-22,
                2: 2.9176343607383713e-23},
            9: {0: 2.1550688259733405e-28,
                1: -1.2057671678396173e-22,
                2: 1.8272516328385856e-23},
            11: {0: 2.2279443924055834e-28,
                 1: -8.158010881520431e-23,
                 2: 5.702723277796615e-23}},
 'noaa12': {3: {0: -5.727728771096115e-30,
                1: 1.0728351406675455e-23,
                2: -7.925703649076928e-23},
            4: {0: 9.511281886615252e-29,
                1: -9.922946601798918e-23,
                2: 2.370635400839542e-23},
            6: {0: 2.153126242178292e-28,
                1: -1.1226038953693315e-22,
                2: -6.636259877615229e-23},
            8: {0: 4.7324887538685006e-29,
                1: -1.323904612966679e-22,
                2: -2.8188036318050366e-23},
            9: {0: 2.033034734980171e-28,
                1: -1.1852901734563105e-22,
                2: 2.822955760994269e-23},
            11: {0: 1.6255032544944326e-28,
                 1: -9.453231914931063e-23,
                 2: -1.8010463154582393e-22}},
 'noaa13': {3: {0: 0, 1: 0, 2: 0},
            4: {0: 0, 1: 0, 2: 0},
            6: {0: 0, 1: 0, 2: 0},
            8: {0: 0, 1: 0, 2: 0},
            9: {0: 0, 1: 0, 2: 0},
            11: {0: 0, 1: 0, 2: 0}},
 'noaa14': {3: {0: 1.3919901881745056e-30,
                1: -8.051118471369446e-24,
                2: -2.0191903559483802e-22},
            4: {0: 8.869406226677309e-29,
                1: -7.548285659145179e-23,
                2: 3.043579599421047e-23},
            6: {0: 2.7935595630196027e-28,
                1: -9.466708008383465e-23,
                2: 3.640872518650264e-23},
            8: {0: 5.2992106146335e-29,
                1: -1.5136263617190796e-22,
                2: 1.8085620971530837e-23},
            9: {0: 1.860238999095973e-28,
                1: -1.0733230618047457e-22,
                2: 2.710792616946309e-23},
            11: {0: 2.3086668198269187e-28,
                 1: -4.47955360950548e-23,
                 2: 1.0809081216906218e-22}},
 'noaa15': {3: {0: 2.7900076625222135e-29,
                1: 3.77922595777974e-23,
                2: 1.6301423352189508e-22},
            4: {0: 1.5076364218699118e-29,
                1: 2.7286476461806247e-23,
                2: 3.304132583355654e-23},
            6: {0: 3.8818310960042026e-29,
                1: 2.7163317301351796e-23,
                2: 4.0116320469089525e-23},
            8: {0: 7.974591251821056e-30,
                1: 6.140150682047394e-23,
                2: 4.2266566348569374e-23},
            9: {0: -4.920733784083471e-30,
                1: 1.4815279654303853e-23,
                2: -5.844659800081318e-25},
            11: {0: 6.161360855711062e-29,
                 1: 9.911182760881533e-23,
                 2: 1.4290190217249073e-22}},
 'noaa16': {3: {0: -4.898081267955483e-30,
                1: 8.147160616472627e-23,
                2: 3.082898262553904e-22},
            4: {0: 1.6071944540007165e-29,
                1: 3.0923004774687106e-23,
                2: 3.0427818280372553e-23},
            6: {0: 4.086832782051852e-29,
                1: 3.1285553743212754e-23,
                2: 6.397748849331786e-23},
            8: {0: 9.759489337364465e-30,
                1: 6.846094835391797e-23,
                2: 8.852262937100722e-23},
            9: {0: -6.60011000159977e-30,
                1: 1.7966999557089444e-23,
                2: -1.2392762329211497e-24},
            11: {0: -1.9911873528191872e-30,
                 1: 3.346773222270057e-23,
                 2: 1.0455948248119535e-23}},
 'noaa17': {3: {0: -6.758981216201086e-29,
                1: 6.384745463620652e-23,
                2: -3.585938983322939e-23},
            4: {0: 9.685902014450433e-30,
                1: 3.695136933914233e-23,
                2: 8.991810430746371e-23},
            6: {0: -8.055097368423901e-30,
                1: 3.3198496948562087e-23,
                2: 5.2831733018798985e-23},
            8: {0: 1.747647277208833e-30,
                1: 7.960122253684883e-23,
                2: 7.735713590169707e-23},
            9: {0: -1.3009188199708525e-29,
                1: 2.5553970742372432e-23,
                2: -3.55400384646178e-24},
            11: {0: -2.5250003449660237e-28,
                 1: -5.548841901664316e-23,
                 2: -1.558497738165064e-21}},
 'noaa18': {3: {0: -1.5530537123069878e-29,
                1: 1.9356184905256706e-23,
                2: -5.615884615107043e-24},
            4: {0: 4.664667581685753e-30,
                1: -8.666082581426304e-24,
                2: -1.138985788273831e-22},
            6: {0: 1.2528015449191877e-29,
                1: 2.170148552926292e-24,
                2: -1.7609132646176174e-23},
            8: {0: 9.001386783953548e-30,
                1: -2.313848078600703e-23,
                2: -6.080391764892494e-23},
            9: {0: -1.1252195980111938e-29,
                1: 1.4360114841779042e-23,
                2: -2.09404659176218e-23},
            11: {0: 2.0234222060075296e-29,
                 1: 1.148176778702738e-22,
                 2: 2.647707066225898e-22}},
 'noaa19': {3: {0: -1.9808073571808814e-29,
                1: -2.0008017180964847e-23,
                2: -9.428338161632417e-23},
            4: {0: 3.043214305563893e-30,
                1: -6.007207225873226e-24,
                2: -6.472327113282232e-23},
            6: {0: 2.3077138411927865e-29,
                1: 2.3697189137656396e-23,
                2: 3.0502926314267487e-23},
            8: {0: 6.656459761701552e-30,
                1: -3.8044248276172226e-23,
                2: -4.9769304277034853e-23},
            9: {0: -1.0477102188849319e-29,
                1: 1.283460365852139e-23,
                2: -1.4409358338090722e-23},
            11: {0: -7.70281958446367e-30,
                 1: 8.953828223980861e-23,
                 2: 1.1537548627712176e-22}},
 'tirosn': {3: {0: 0, 1: 0, 2: 0},
            4: {0: 0, 1: 0, 2: 0},
            6: {0: 0, 1: 0, 2: 0},
            8: {0: 0, 1: 0, 2: 0},
            9: {0: 0, 1: 0, 2: 0},
            11: {0: 0, 1: 0, 2: 0}}}
harmonisation_parameter_uncertainties =  {'metopa': {3: {0: 1.4714578621516172e-31,
                1: 6.643310898433251e-26,
                2: 3.116668219961994e-25},
            4: {0: 2.760998691384768e-32,
                1: 8.008166292495672e-27,
                2: 7.747035139602046e-26},
            6: {0: 1.072603466147906e-31,
                1: 1.419095669761033e-26,
                2: 5.968556680864485e-26},
            8: {0: 1.5607028869115688e-32,
                1: 1.8812317603370955e-26,
                2: 5.990315045507208e-26},
            9: {0: 2.5666670649783194e-32,
                1: 8.740677494194582e-27,
                2: 7.604386134500733e-27},
            11: {0: 1.4525864210519536e-31,
                 1: 6.832240520864938e-26,
                 2: 2.5067781903096365e-25}},
 'metopb': {3: {0: 1.7639663799383338e-30,
                1: 1.319937116770603e-24,
                2: 1.3857249816719776e-23},
            4: {0: 3.603672822928521e-31,
                1: 3.0089769222849044e-25,
                2: 2.987226965237407e-24},
            6: {0: 1.8426942900353475e-30,
                1: 3.305452987497718e-25,
                2: 2.9136943202768104e-24},
            8: {0: 2.2258755726297707e-31,
                1: 7.887916496368992e-25,
                2: 2.477040152385655e-24},
            9: {0: 7.010062890340047e-31,
                1: 2.644167198736991e-25,
                2: 4.610525596657279e-25},
            11: {0: 2.792891045910655e-30,
                 1: 1.6962598732617647e-24,
                 2: 7.330119397219336e-24}},
 'noaa06': {3: {0: 2.0878134599423328e-30,
                1: 1.4360658700092628e-24,
                2: 1.2507933225654418e-23},
            4: {0: 1.0912712601788054e-30,
                1: 1.7993504066214164e-24,
                2: 3.0196870876614203e-24},
            6: {0: 3.307927342268651e-30,
                1: 1.2545969533555881e-24,
                2: 3.404056802799558e-24},
            8: {0: 4.150778091033619e-31,
                1: 2.836594003131036e-24,
                2: 6.6088935450454006e-24},
            9: {0: 2.020993972836223e-30,
                1: 1.4651990103607385e-24,
                2: 1.1206440334687379e-24},
            11: {0: 4.167370061123271e-30,
                 1: 2.0672604015347823e-24,
                 2: 8.45400165291374e-24}},
 'noaa07': {3: {0: 2.0878134599423328e-30,
                1: 1.4360658700092628e-24,
                2: 1.2507933225654418e-23},
            4: {0: 1.0912712601788054e-30,
                1: 1.7993504066214164e-24,
                2: 3.0196870876614203e-24},
            6: {0: 3.307927342268651e-30,
                1: 1.2545969533555881e-24,
                2: 3.404056802799558e-24},
            8: {0: 4.150778091033619e-31,
                1: 2.836594003131036e-24,
                2: 6.6088935450454006e-24},
            9: {0: 2.020993972836223e-30,
                1: 1.4651990103607385e-24,
                2: 1.1206440334687379e-24},
            11: {0: 4.167370061123271e-30,
                 1: 2.0672604015347823e-24,
                 2: 8.45400165291374e-24}},
 'noaa08': {3: {0: 2.0878134599423328e-30,
                1: 1.4360658700092628e-24,
                2: 1.2507933225654418e-23},
            4: {0: 1.0912712601788054e-30,
                1: 1.7993504066214164e-24,
                2: 3.0196870876614203e-24},
            6: {0: 3.307927342268651e-30,
                1: 1.2545969533555881e-24,
                2: 3.404056802799558e-24},
            8: {0: 4.150778091033619e-31,
                1: 2.836594003131036e-24,
                2: 6.6088935450454006e-24},
            9: {0: 2.020993972836223e-30,
                1: 1.4651990103607385e-24,
                2: 1.1206440334687379e-24},
            11: {0: 4.167370061123271e-30,
                 1: 2.0672604015347823e-24,
                 2: 8.45400165291374e-24}},
 'noaa09': {3: {0: 7.093006016078324e-30,
                1: 5.0551198776581826e-24,
                2: 2.801095559928602e-23},
            4: {0: 3.1687279198730484e-30,
                1: 7.228324425046517e-24,
                2: 1.0499820344154763e-23},
            6: {0: 1.1854461325106989e-29,
                1: 4.1609125981902756e-24,
                2: 1.281727658506082e-23},
            8: {0: 1.6226163465746785e-30,
                1: 1.6465175920865397e-23,
                2: 4.8752258917099135e-23},
            9: {0: 6.323131917495866e-30,
                1: 4.450439904910342e-24,
                2: 5.050189094251947e-24},
            11: {0: 1.8642604912466258e-29,
                 1: 8.148911703336106e-24,
                 2: 3.2559773465355293e-23}},
 'noaa10': {3: {0: 5.113411585516769e-30,
                1: 3.2900474879874883e-24,
                2: 3.9345843157207887e-23},
            4: {0: 2.3522053593300383e-30,
                1: 4.419641013494808e-24,
                2: 5.287720745296117e-24},
            6: {0: 6.52181911241978e-30,
                1: 2.6779296597285277e-24,
                2: 7.066986885768494e-24},
            8: {0: 7.878669346426977e-31,
                1: 6.064670005429883e-24,
                2: 1.0814675350641627e-23},
            9: {0: 4.637791306146488e-30,
                1: 3.523786856351975e-24,
                2: 2.691164290870366e-24},
            11: {0: 6.801608250495372e-30,
                 1: 3.245346621584621e-24,
                 2: 1.1241724892702072e-23}},
 'noaa11': {3: {0: 2.354348966516385e-30,
                1: 1.5151133260974503e-24,
                2: 4.050226506721924e-24},
            4: {0: 1.9014960162653163e-30,
                1: 2.5706059326172995e-24,
                2: 1.2902769300633478e-24},
            6: {0: 3.9159060523722545e-30,
                1: 2.1706661460610456e-24,
                2: 1.882933071270765e-24},
            8: {0: 5.931248727021379e-31,
                1: 2.27999792422013e-24,
                2: 1.6379335127449692e-24},
            9: {0: 3.6553121291249594e-30,
                1: 2.8837103879076548e-24,
                2: 9.202190554607249e-25},
            11: {0: 4.99319215641287e-30,
                 1: 2.8081186428238704e-24,
                 2: 3.660979662817114e-24}},
 'noaa12': {3: {0: 2.3633744899435048e-30,
                1: 1.4937246933924916e-24,
                2: 9.163211675488157e-24},
            4: {0: 1.9015877206309393e-30,
                1: 2.4776323685219713e-24,
                2: 1.8598525969662345e-24},
            6: {0: 3.961525580411706e-30,
                1: 2.0995509608224196e-24,
                2: 5.150467468257954e-24},
            8: {0: 5.805090970913768e-31,
                1: 2.198885556014565e-24,
                2: 5.598392680673758e-24},
            9: {0: 3.421902570036828e-30,
                1: 2.7870493795557563e-24,
                2: 1.282149051495542e-24},
            11: {0: 5.2683928441200254e-30,
                 1: 2.8579530919994134e-24,
                 2: 2.4767561670823341e-23}},
 'noaa13': {3: {0: 2.0878134599423328e-30,
                1: 1.4360658700092628e-24,
                2: 1.2507933225654418e-23},
            4: {0: 1.0912712601788054e-30,
                1: 1.7993504066214164e-24,
                2: 3.0196870876614203e-24},
            6: {0: 3.307927342268651e-30,
                1: 1.2545969533555881e-24,
                2: 3.404056802799558e-24},
            8: {0: 4.150778091033619e-31,
                1: 2.836594003131036e-24,
                2: 6.6088935450454006e-24},
            9: {0: 2.020993972836223e-30,
                1: 1.4651990103607385e-24,
                2: 1.1206440334687379e-24},
            11: {0: 4.167370061123271e-30,
                 1: 2.0672604015347823e-24,
                 2: 8.45400165291374e-24}},
 'noaa14': {3: {0: 2.4340990713942613e-30,
                1: 1.5111895111985724e-24,
                2: 8.399347303890599e-24},
            4: {0: 2.2563526518058083e-30,
                1: 2.9129100049426742e-24,
                2: 4.67382752544777e-24},
            6: {0: 5.5339059930862886e-30,
                1: 2.061015125251306e-24,
                2: 2.2049979478469425e-24},
            8: {0: 5.35726058111927e-31,
                1: 2.0649835681003073e-24,
                2: 7.761133711564394e-25},
            9: {0: 3.161482025254837e-30,
                1: 2.674784776716865e-24,
                2: 8.887429565820002e-25},
            11: {0: 5.213896255898463e-30,
                 1: 2.804012557147823e-24,
                 2: 3.7192617000809e-24}},
 'noaa15': {3: {0: 9.52695190446265e-31,
                1: 6.415752493897338e-25,
                2: 4.7791262613381795e-24},
            4: {0: 2.406864267539526e-31,
                1: 2.765984112577442e-25,
                2: 7.557642791288561e-25},
            6: {0: 1.1427999632809177e-30,
                1: 2.511000658127777e-25,
                2: 9.609098529320556e-25},
            8: {0: 1.1652184950224846e-31,
                1: 6.64978763185189e-25,
                2: 7.369445632652158e-25},
            9: {0: 4.270174837269333e-31,
                1: 1.703419115573634e-25,
                2: 1.4802209900245742e-25},
            11: {0: 1.798585665246275e-30,
                 1: 7.911790986417583e-25,
                 2: 2.271836775696614e-24}},
 'noaa16': {3: {0: 6.279874567712846e-31,
                1: 4.394403350537764e-25,
                2: 3.936176517483995e-24},
            4: {0: 1.9588225934987732e-31,
                1: 1.8656400105916607e-25,
                2: 5.143902394815652e-25},
            6: {0: 8.861678808934718e-31,
                1: 1.8833335579006444e-25,
                2: 9.51421749554104e-25},
            8: {0: 1.1280579028972276e-31,
                1: 4.632176245189417e-25,
                2: 9.626185872383597e-25},
            9: {0: 3.4694112150162124e-31,
                1: 1.2911613293938239e-25,
                2: 9.623569499882258e-26},
            11: {0: 8.05325774089774e-31,
                 1: 4.641475162401651e-25,
                 2: 2.318883262912017e-24}},
 'noaa17': {3: {0: 7.727276095331541e-31,
                1: 7.128614461955299e-25,
                2: 3.309072096370558e-23},
            4: {0: 1.306694685280737e-31,
                1: 1.527261559640011e-25,
                2: 1.1012312758481853e-24},
            6: {0: 6.432562042834113e-31,
                1: 1.2196669050263795e-25,
                2: 1.814634963163827e-24},
            8: {0: 6.251632483883902e-32,
                1: 3.4090252498567833e-25,
                2: 7.4194516057170015e-25},
            9: {0: 2.5770617496337658e-31,
                1: 9.798077135418426e-26,
                2: 1.895013131842286e-25},
            11: {0: 9.611841305703711e-31,
                 1: 5.181854767318444e-25,
                 2: 6.986984326410423e-24}},
 'noaa18': {3: {0: 7.3260064084901326e-31,
                1: 6.024880669450032e-25,
                2: 2.990249879749705e-24},
            4: {0: 2.7231559590905257e-31,
                1: 5.178971821373097e-25,
                2: 4.217779277862088e-24},
            6: {0: 1.690720627206933e-30,
                1: 4.948478006398572e-25,
                2: 3.0429066503071187e-24},
            8: {0: 1.660932326477525e-31,
                1: 1.3270118669914967e-24,
                2: 4.679983717622898e-24},
            9: {0: 6.449395000348083e-31,
                1: 2.955395665240596e-25,
                2: 1.001453799590666e-24},
            11: {0: 1.572359256462131e-30,
                 1: 8.288220179334186e-25,
                 2: 4.3158638895598984e-24}},
 'noaa19': {3: {0: 6.98398326105538e-31,
                1: 5.848602204379896e-25,
                2: 2.1604242042650008e-24},
            4: {0: 2.873544344928581e-31,
                1: 5.403995258945219e-25,
                2: 2.9708845210546873e-24},
            6: {0: 1.594610731511916e-30,
                1: 4.84104782020763e-25,
                2: 1.9827665723471643e-24},
            8: {0: 1.6495861670686907e-31,
                1: 1.3617003160205677e-24,
                2: 2.0689133766899707e-24},
            9: {0: 6.490304860651696e-31,
                1: 2.964810391433846e-25,
                2: 7.1139410038786885e-25},
            11: {0: 1.0131417997018669e-30,
                 1: 5.758658135079568e-25,
                 2: 2.024352972356891e-24}},
 'tirosn': {3: {0: 2.0878134599423328e-30,
                1: 1.4360658700092628e-24,
                2: 1.2507933225654418e-23},
            4: {0: 1.0912712601788054e-30,
                1: 1.7993504066214164e-24,
                2: 3.0196870876614203e-24},
            6: {0: 3.307927342268651e-30,
                1: 1.2545969533555881e-24,
                2: 3.404056802799558e-24},
            8: {0: 4.150778091033619e-31,
                1: 2.836594003131036e-24,
                2: 6.6088935450454006e-24},
            9: {0: 2.020993972836223e-30,
                1: 1.4651990103607385e-24,
                2: 1.1206440334687379e-24},
            11: {0: 4.167370061123271e-30,
                 1: 2.0672604015347823e-24,
                 2: 8.45400165291374e-24}}}
harmonisation_parameter_covariances =  {'metopa': {3: array([[2.16518824e-62, 8.20284907e-57, 4.46721681e-56],
       [8.20284907e-57, 4.41335797e-51, 1.94643936e-50],
       [4.46721681e-56, 1.94643936e-50, 9.71362079e-50]]),
            4: array([[ 7.62311377e-64, -1.79509056e-58,  2.03465782e-57],
       [-1.79509056e-58,  6.41307274e-53, -3.76226900e-52],
       [ 2.03465782e-57, -3.76226900e-52,  6.00165535e-51]]),
            6: array([[ 1.15047820e-62, -1.13994758e-57,  6.20147693e-57],
       [-1.13994758e-57,  2.01383252e-52, -4.77920842e-52],
       [ 6.20147693e-57, -4.77920842e-52,  3.56236689e-51]]),
            8: array([[2.43579350e-64, 9.00992818e-59, 8.52777873e-58],
       [9.00992818e-59, 3.53903294e-52, 7.43970655e-52],
       [8.52777873e-58, 7.43970655e-52, 3.58838743e-51]]),
            9: array([[ 6.58777982e-64, -2.21155041e-58,  1.79609222e-58],
       [-2.21155041e-58,  7.63994431e-53, -5.85397546e-53],
       [ 1.79609222e-58, -5.85397546e-53,  5.78266885e-53]]),
            11: array([[2.11000731e-62, 6.22857625e-57, 3.38476920e-56],
       [6.22857625e-57, 4.66795105e-51, 1.49031725e-50],
       [3.38476920e-56, 1.49031725e-50, 6.28393690e-50]])},
 'metopb': {3: array([[3.11157739e-60, 2.04688728e-54, 2.36137018e-53],
       [2.04688728e-54, 1.74223399e-48, 1.77706441e-47],
       [2.36137018e-53, 1.77706441e-47, 1.92023372e-46]]),
            4: array([[1.29864578e-61, 1.32422713e-56, 8.98565607e-55],
       [1.32422713e-56, 9.05394212e-50, 5.61055974e-49],
       [8.98565607e-55, 5.61055974e-49, 8.92352494e-48]]),
            6: array([[ 3.39552225e-60, -4.51761090e-56,  5.07170451e-54],
       [-4.51761090e-56,  1.09260195e-49,  2.41061964e-49],
       [ 5.07170451e-54,  2.41061964e-49,  8.48961459e-48]]),
            8: array([[4.95452206e-62, 7.42410128e-56, 4.47824754e-55],
       [7.42410128e-56, 6.22192267e-49, 1.67954301e-48],
       [4.47824754e-55, 1.67954301e-48, 6.13572792e-48]]),
            9: array([[ 4.91409817e-61, -1.55471264e-55,  2.74347736e-55],
       [-1.55471264e-55,  6.99162017e-50, -6.13423796e-50],
       [ 2.74347736e-55, -6.13423796e-50,  2.12569463e-49]]),
            11: array([[7.80024039e-60, 4.18534710e-54, 1.98853585e-53],
       [4.18534710e-54, 2.87729756e-48, 1.20496917e-47],
       [1.98853585e-53, 1.20496917e-47, 5.37306504e-47]])},
 'noaa06': {3: array([[0., 0., 0.],
       [0., 0., 0.],
       [0., 0., 0.]]),
            4: array([[0., 0., 0.],
       [0., 0., 0.],
       [0., 0., 0.]]),
            6: array([[0., 0., 0.],
       [0., 0., 0.],
       [0., 0., 0.]]),
            8: array([[0., 0., 0.],
       [0., 0., 0.],
       [0., 0., 0.]]),
            9: array([[0., 0., 0.],
       [0., 0., 0.],
       [0., 0., 0.]]),
            11: array([[0., 0., 0.],
       [0., 0., 0.],
       [0., 0., 0.]])},
 'noaa07': {3: array([[0., 0., 0.],
       [0., 0., 0.],
       [0., 0., 0.]]),
            4: array([[0., 0., 0.],
       [0., 0., 0.],
       [0., 0., 0.]]),
            6: array([[0., 0., 0.],
       [0., 0., 0.],
       [0., 0., 0.]]),
            8: array([[0., 0., 0.],
       [0., 0., 0.],
       [0., 0., 0.]]),
            9: array([[0., 0., 0.],
       [0., 0., 0.],
       [0., 0., 0.]]),
            11: array([[0., 0., 0.],
       [0., 0., 0.],
       [0., 0., 0.]])},
 'noaa08': {3: array([[0., 0., 0.],
       [0., 0., 0.],
       [0., 0., 0.]]),
            4: array([[0., 0., 0.],
       [0., 0., 0.],
       [0., 0., 0.]]),
            6: array([[0., 0., 0.],
       [0., 0., 0.],
       [0., 0., 0.]]),
            8: array([[0., 0., 0.],
       [0., 0., 0.],
       [0., 0., 0.]]),
            9: array([[0., 0., 0.],
       [0., 0., 0.],
       [0., 0., 0.]]),
            11: array([[0., 0., 0.],
       [0., 0., 0.],
       [0., 0., 0.]])},
 'noaa09': {3: array([[5.03107343e-59, 1.74474023e-53, 1.68333396e-52],
       [1.74474023e-53, 2.55542370e-47, 1.23677533e-46],
       [1.68333396e-52, 1.23677533e-46, 7.84613634e-46]]),
            4: array([[1.00408366e-59, 9.23396448e-54, 2.41001916e-53],
       [9.23396448e-54, 5.22486740e-47, 6.96755955e-47],
       [2.41001916e-53, 6.96755955e-47, 1.10246227e-46]]),
            6: array([[1.40528253e-58, 1.97443221e-53, 1.38148753e-52],
       [1.97443221e-53, 1.73131936e-47, 3.95946953e-47],
       [1.38148753e-52, 3.95946953e-47, 1.64282579e-46]]),
            8: array([[2.63288381e-60, 1.84347914e-53, 6.51552135e-53],
       [1.84347914e-53, 2.71102018e-46, 7.83983819e-46],
       [6.51552135e-53, 7.83983819e-46, 2.37678275e-45]]),
            9: array([[ 3.99819972e-59, -2.65858069e-55,  2.41400427e-53],
       [-2.65858069e-55,  1.98064153e-47,  1.40810843e-47],
       [ 2.41400427e-53,  1.40810843e-47,  2.55044099e-47]]),
            11: array([[3.47546718e-58, 1.07199943e-52, 5.73136846e-52],
       [1.07199943e-52, 6.64047619e-47, 2.38548719e-46],
       [5.73136846e-52, 2.38548719e-46, 1.06013885e-45]])},
 'noaa10': {3: array([[2.61469780e-59, 1.25887616e-54, 1.48441907e-52],
       [1.25887616e-54, 1.08244125e-47, 9.36304096e-47],
       [1.48441907e-52, 9.36304096e-47, 1.54809537e-45]]),
            4: array([[ 5.53287005e-60, -1.90656566e-55,  6.74043978e-54],
       [-1.90656566e-55,  1.95332267e-47,  1.91971011e-47],
       [ 6.74043978e-54,  1.91971011e-47,  2.79599907e-47]]),
            6: array([[ 4.25341245e-59, -3.27033848e-54,  3.53243048e-53],
       [-3.27033848e-54,  7.17130726e-48,  9.11056123e-48],
       [ 3.53243048e-53,  9.11056123e-48,  4.99423036e-47]]),
            8: array([[6.20734307e-61, 8.97605909e-55, 4.73188681e-54],
       [8.97605909e-55, 3.67802223e-47, 5.99535867e-47],
       [4.73188681e-54, 5.99535867e-47, 1.16957203e-46]]),
            9: array([[ 2.15091082e-59, -5.21172487e-54,  7.78724682e-54],
       [-5.21172487e-54,  1.24170738e-47,  4.87752023e-48],
       [ 7.78724682e-54,  4.87752023e-48,  7.24236524e-48]]),
            11: array([[ 4.62618748e-59, -8.08513106e-54,  5.10164553e-53],
       [-8.08513106e-54,  1.05322747e-47,  1.62614566e-47],
       [ 5.10164553e-53,  1.62614566e-47,  1.26376379e-46]])},
 'noaa11': {3: array([[ 5.54295906e-60, -3.35886375e-54,  1.19775973e-54],
       [-3.35886375e-54,  2.29556839e-48,  9.61985658e-49],
       [ 1.19775973e-54,  9.61985658e-49,  1.64043348e-47]]),
            4: array([[ 3.61568710e-60, -4.16881766e-54,  3.21473018e-55],
       [-4.16881766e-54,  6.60801486e-48,  1.18485489e-48],
       [ 3.21473018e-55,  1.18485489e-48,  1.66481456e-48]]),
            6: array([[ 1.53343202e-59, -7.90315206e-54,  1.43814125e-54],
       [-7.90315206e-54,  4.71179152e-48,  6.11395484e-49],
       [ 1.43814125e-54,  6.11395484e-49,  3.54543695e-48]]),
            8: array([[ 3.51797115e-61, -1.23250877e-54,  3.45000280e-56],
       [-1.23250877e-54,  5.19839053e-48,  9.74766196e-49],
       [ 3.45000280e-56,  9.74766196e-49,  2.68282619e-48]]),
            9: array([[ 1.33613068e-59, -7.83032884e-54,  1.36850794e-54],
       [-7.83032884e-54,  8.31578560e-48,  6.81542442e-49],
       [ 1.36850794e-54,  6.81542442e-49,  8.46803110e-49]]),
            11: array([[ 2.49319679e-59, -1.17185701e-53,  5.87756055e-54],
       [-1.17185701e-53,  7.88553031e-48,  2.50598211e-48],
       [ 5.87756055e-54,  2.50598211e-48,  1.34027721e-47]])},
 'noaa12': {3: array([[ 5.58553898e-60, -3.33362294e-54,  3.09710346e-54],
       [-3.33362294e-54,  2.23121346e-48,  1.83882148e-48],
       [ 3.09710346e-54,  1.83882148e-48,  8.39644482e-47]]),
            4: array([[ 3.61603586e-60, -3.72687807e-54,  8.55081406e-55],
       [-3.72687807e-54,  6.13866215e-48,  1.66972124e-48],
       [ 8.55081406e-55,  1.66972124e-48,  3.45905168e-48]]),
            6: array([[ 1.56936849e-59, -7.54851280e-54,  6.54495281e-54],
       [-7.54851280e-54,  4.40811424e-48,  8.87943485e-49],
       [ 6.54495281e-54,  8.87943485e-49,  2.65273151e-47]]),
            8: array([[ 3.36990812e-61, -1.20168216e-54,  1.73265259e-55],
       [-1.20168216e-54,  4.83509769e-48,  1.56815129e-48],
       [ 1.73265259e-55,  1.56815129e-48,  3.13420006e-47]]),
            9: array([[ 1.17094172e-59, -7.70993751e-54,  1.38180536e-54],
       [-7.70993751e-54,  7.76764424e-48,  8.65376498e-49],
       [ 1.38180536e-54,  8.65376498e-49,  1.64390619e-48]]),
            11: array([[ 2.77559632e-59, -8.97986191e-54,  6.52972191e-53],
       [-8.97986191e-54,  8.16789588e-48,  2.77949509e-47],
       [ 6.52972191e-53,  2.77949509e-47,  6.13432111e-46]])},
 'noaa13': {3: array([[0., 0., 0.],
       [0., 0., 0.],
       [0., 0., 0.]]),
            4: array([[0., 0., 0.],
       [0., 0., 0.],
       [0., 0., 0.]]),
            6: array([[0., 0., 0.],
       [0., 0., 0.],
       [0., 0., 0.]]),
            8: array([[0., 0., 0.],
       [0., 0., 0.],
       [0., 0., 0.]]),
            9: array([[0., 0., 0.],
       [0., 0., 0.],
       [0., 0., 0.]]),
            11: array([[0., 0., 0.],
       [0., 0., 0.],
       [0., 0., 0.]])},
 'noaa14': {3: array([[ 5.92483829e-60, -2.72310251e-54,  7.82279221e-54],
       [-2.72310251e-54,  2.28369374e-48,  4.03458625e-48],
       [ 7.82279221e-54,  4.03458625e-48,  7.05490351e-47]]),
            4: array([[ 5.09112729e-60, -9.11531073e-55,  6.83581796e-54],
       [-9.11531073e-55,  8.48504470e-48,  8.90560057e-48],
       [ 6.83581796e-54,  8.90560057e-48,  2.18446637e-47]]),
            6: array([[ 3.06241155e-59, -4.38471484e-54,  9.46182466e-54],
       [-4.38471484e-54,  4.24778335e-48,  1.27577194e-48],
       [ 9.46182466e-54,  1.27577194e-48,  4.86201595e-48]]),
            8: array([[ 2.87002409e-61, -9.82858961e-55,  3.18671565e-56],
       [-9.82858961e-55,  4.26415714e-48,  4.97240203e-49],
       [ 3.18671565e-56,  4.97240203e-49,  6.02351965e-49]]),
            9: array([[ 9.99496860e-60, -7.39495823e-54,  5.16122584e-55],
       [-7.39495823e-54,  7.15447360e-48,  5.79228202e-49],
       [ 5.16122584e-55,  5.79228202e-49,  7.89864043e-49]]),
            11: array([[ 2.71847142e-59, -9.50038532e-54,  9.36294628e-54],
       [-9.50038532e-54,  7.86248642e-48,  3.64158210e-48],
       [ 9.36294628e-54,  3.64158210e-48,  1.38329076e-47]])},
 'noaa15': {3: array([[9.07628126e-61, 4.66629795e-55, 4.29193071e-54],
       [4.66629795e-55, 4.11618801e-49, 2.86185237e-48],
       [4.29193071e-54, 2.86185237e-48, 2.28400478e-47]]),
            4: array([[5.79299560e-62, 2.32412976e-56, 1.52492409e-55],
       [2.32412976e-56, 7.65066811e-50, 1.65401425e-49],
       [1.52492409e-55, 1.65401425e-49, 5.71179646e-49]]),
            6: array([[1.30599176e-60, 5.73471068e-56, 1.03258052e-54],
       [5.73471068e-56, 6.30512431e-50, 1.24757842e-49],
       [1.03258052e-54, 1.24757842e-49, 9.23347745e-49]]),
            8: array([[1.35773414e-62, 3.75914998e-56, 6.65040077e-56],
       [3.75914998e-56, 4.42196755e-49, 4.51446655e-49],
       [6.65040077e-56, 4.51446655e-49, 5.43087289e-49]]),
            9: array([[ 1.82343931e-61, -5.01085191e-56,  5.21298845e-56],
       [-5.01085191e-56,  2.90163668e-50, -5.71605632e-51],
       [ 5.21298845e-56, -5.71605632e-51,  2.19105418e-50]]),
            11: array([[3.23491040e-60, 1.16123598e-54, 3.95720122e-54],
       [1.16123598e-54, 6.25964366e-49, 1.67839079e-48],
       [3.95720122e-54, 1.67839079e-48, 5.16124234e-48]])},
 'noaa16': {3: array([[3.94368246e-61, 1.54095747e-55, 2.19134014e-54],
       [1.54095747e-55, 1.93107808e-49, 1.51425434e-48],
       [2.19134014e-54, 1.51425434e-48, 1.54934856e-47]]),
            4: array([[3.83698595e-62, 8.59348971e-57, 8.43052061e-56],
       [8.59348971e-57, 3.48061265e-50, 6.81953663e-50],
       [8.43052061e-56, 6.81953663e-50, 2.64597318e-49]]),
            6: array([[ 7.85293513e-61, -7.00980518e-57,  7.81773581e-55],
       [-7.00980518e-57,  3.54694529e-50,  5.89109702e-50],
       [ 7.81773581e-55,  5.89109702e-50,  9.05203346e-49]]),
            8: array([[1.27251463e-62, 2.16067913e-56, 8.56175123e-56],
       [2.16067913e-56, 2.14570568e-49, 3.90343455e-49],
       [8.56175123e-56, 3.90343455e-49, 9.26634544e-49]]),
            9: array([[ 1.20368142e-61, -3.58687153e-56,  2.82698779e-56],
       [-3.58687153e-56,  1.66709758e-50, -5.44339687e-51],
       [ 2.82698779e-56, -5.44339687e-51,  9.26130899e-51]]),
            11: array([[6.48549602e-61, 1.63010758e-55, 1.61100471e-54],
       [1.63010758e-55, 2.15432917e-49, 8.92835407e-49],
       [1.61100471e-54, 8.92835407e-49, 5.37721959e-48]])},
 'noaa17': {3: array([[5.97107959e-61, 4.62088241e-55, 2.43378330e-53],
       [4.62088241e-55, 5.08171441e-49, 2.27469007e-47],
       [2.43378330e-53, 2.27469007e-47, 1.09499581e-45]]),
            4: array([[1.70745100e-62, 6.89018084e-57, 1.18868565e-55],
       [6.89018084e-57, 2.33252787e-50, 1.34307084e-49],
       [1.18868565e-55, 1.34307084e-49, 1.21271032e-48]]),
            6: array([[4.13778544e-61, 8.14743348e-57, 1.10548220e-54],
       [8.14743348e-57, 1.48758736e-50, 9.13126139e-50],
       [1.10548220e-54, 9.13126139e-50, 3.29290005e-48]]),
            8: array([[3.90829087e-63, 1.12274041e-56, 3.69776620e-56],
       [1.12274041e-56, 1.16214532e-49, 2.33888805e-49],
       [3.69776620e-56, 2.33888805e-49, 5.50482621e-49]]),
            9: array([[ 6.64124726e-62, -2.03237575e-56,  4.10607788e-56],
       [-2.03237575e-56,  9.60023156e-51, -8.27765086e-51],
       [ 4.10607788e-56, -8.27765086e-51,  3.59107477e-50]]),
            11: array([[9.23874933e-61, 3.77477576e-55, 6.37188639e-54],
       [3.77477576e-55, 2.68516188e-49, 3.34725381e-48],
       [6.37188639e-54, 3.34725381e-48, 4.88179500e-47]])},
 'noaa18': {3: array([[5.36703699e-61, 3.42590010e-55, 2.04133903e-54],
       [3.42590010e-55, 3.62991871e-49, 1.71194154e-48],
       [2.04133903e-54, 1.71194154e-48, 8.94159434e-48]]),
            4: array([[7.41557838e-62, 7.94830755e-56, 9.53525795e-55],
       [7.94830755e-56, 2.68217491e-49, 2.01427548e-48],
       [9.53525795e-55, 2.01427548e-48, 1.77896620e-47]]),
            6: array([[2.85853624e-60, 3.96743779e-55, 4.82177507e-54],
       [3.96743779e-55, 2.44874346e-49, 1.12680943e-48],
       [4.82177507e-54, 1.12680943e-48, 9.25928088e-48]]),
            8: array([[2.75869619e-62, 1.22045040e-55, 5.91646230e-55],
       [1.22045040e-55, 1.76096050e-48, 5.94162151e-48],
       [5.91646230e-55, 5.94162151e-48, 2.19022476e-47]]),
            9: array([[ 4.15946959e-61, -1.29805712e-56,  5.42624055e-55],
       [-1.29805712e-56,  8.73436354e-50,  1.32355022e-49],
       [ 5.42624055e-55,  1.32355022e-49,  1.00290971e-48]]),
            11: array([[2.47231363e-60, 8.20659351e-55, 6.24059206e-54],
       [8.20659351e-55, 6.86945937e-49, 3.15916673e-48],
       [6.24059206e-54, 3.15916673e-48, 1.86266811e-47]])},
 'noaa19': {3: array([[4.87760222e-61, 2.85492309e-55, 1.36827067e-54],
       [2.85492309e-55, 3.42061477e-49, 1.17865937e-48],
       [1.36827067e-54, 1.17865937e-48, 4.66743274e-48]]),
